YEAR   JAN   FEB   MAR   APR   MAY   JUN   JUL   AUG   SEP   OCT   NOV   DEC    
1951-999.9   0.8   0.2  -0.4  -0.3  -0.5  -0.3  -0.8  -0.8  -1.0  -0.8  -0.8
1952  -0.7  -0.3  -0.1   0.4   0.4   0.7   0.4   0.1   0.1   0.1  -0.3  -0.3
1953  -0.5  -0.1  -0.2  -0.6  -0.5  -0.5  -0.4  -0.8  -0.8  -0.5  -0.2  -0.0
1954  -0.0   0.2   0.2   0.5   0.4   0.3   0.5   0.6   0.5   0.2   0.6   0.3
1955   0.9   0.7   0.8   0.5   0.7   1.3   1.5   1.5   1.4   1.3   1.2   1.2
1956   1.3   1.4   1.3   1.2   1.1   1.2   1.1   0.8   1.0   0.7   1.0   0.6
1957   0.5   0.2   0.1  -0.1  -0.1  -0.1  -0.0  -0.4  -0.5  -0.6  -0.4  -1.1
1958  -0.9  -0.7   0.1   0.1   0.1   0.1   0.5   0.3   0.2  -0.2  -0.3  -0.6
1959  -1.0  -0.3   0.1   0.7   0.3   0.0  -0.2  -0.1   0.1   0.5   0.8   0.6
1960   0.4   0.4   0.6   0.8   0.5   0.4   0.5   0.7   0.5   0.4   0.5   0.3
1961   0.5  -0.4  -0.0  -0.2   0.4   0.2   0.2   0.2   0.0   0.1   0.6   1.3
1962   1.1   0.6  -0.0   0.5   0.7   0.6   0.5   0.4   0.7   0.6   0.5   0.5
1963   0.6   0.9   0.8   0.8   0.2  -0.1  -0.2  -0.2  -0.6  -0.9  -1.1  -0.8
1964  -0.5   0.2   0.7   0.8   0.7   0.5   1.0   1.1   1.4   0.9   0.4  -0.2
1965  -0.1   0.3   0.2   0.2  -0.3  -0.7  -1.0  -1.3  -1.0  -1.2  -0.7  -0.9
1966  -0.4  -0.8  -0.4  -0.5  -0.1   0.0   0.3   0.2   0.1  -0.1  -0.1   0.5
1967   1.0   1.5   1.0   0.4   0.2   0.3   0.5   0.5   0.4   0.1  -0.3  -0.2
1968   0.4   0.6   0.5   0.4   0.8   1.0   0.7   0.2  -0.0  -0.2  -0.1  -0.5
1969  -0.6  -0.5  -0.2  -0.1  -0.1  -0.2  -0.1  -0.5  -0.7  -0.7  -0.2  -0.3
1970  -0.6  -0.5  -0.2   0.3   0.4   0.3   0.4   0.5   0.9   1.3   1.5   1.3
1971   1.4   1.6   2.0   1.6   1.0   0.5   0.7   1.0   1.5   1.2   0.8   0.4
1972   0.6   0.7   0.5  -0.4  -0.7  -1.2  -0.8  -1.1  -0.9  -0.9  -0.8  -0.6
1973  -1.0  -0.3  -0.2   0.4   0.5   0.7   1.0   1.0   1.1   1.5   1.7   2.3
1974   2.1   2.3   1.8   1.4   0.8   0.8   0.8   1.0   0.9   0.6   0.3  -0.1
1975   0.2   0.6   1.2   1.1   1.0   1.3   1.7   2.0   1.9   1.7   1.7   1.6
1976   1.7   1.6   1.2   0.8   0.3  -0.1  -0.5  -0.9  -0.5  -0.0   0.3  -0.0
1977   0.2   0.1   0.1  -0.5  -0.6  -0.8  -0.9  -0.9  -0.9  -1.0  -1.1  -0.9
1978  -1.4  -1.1  -1.1   0.3   0.6   0.9   0.6   0.4   0.0  -0.1  -0.2  -0.2
1979   0.2   0.2   0.3   0.2   0.3   0.8   0.6   0.4  -0.1  -0.1  -0.4  -0.2
1980   0.0   0.1  -0.2  -0.3  -0.2  -0.0   0.1  -0.0  -0.0  -0.3  -0.1   0.0
1981   0.0  -0.4  -0.5  -0.2   0.6   0.9   0.9   0.6   0.2   0.0   0.1   0.6
1982   0.7   0.7   0.3   0.1  -0.4  -0.9  -1.4  -1.6  -1.7  -2.0  -2.2  -2.8
1983  -3.1  -3.2  -2.3  -0.9  -0.1   0.0  -0.2   0.1   0.5   0.4   0.1   0.0
1984   0.4   0.3   0.3   0.1   0.1   0.0   0.1   0.2   0.1   0.0  -0.0  -0.0
1985   0.3   0.6   1.1   0.8   0.4  -0.0   0.2   0.3   0.2  -0.2  -0.1   0.3
1986   0.1   0.2  -0.1   0.2   0.4   0.4   0.3  -0.2  -0.1  -0.4  -0.7  -1.1
1987  -1.1  -1.1  -1.3  -1.3  -1.3  -1.3  -1.1  -1.1  -0.8  -0.5  -0.3  -0.2
1988  -0.3   0.0   0.1   0.5   0.4   0.7   0.9   1.4   1.6   1.6   1.4   1.5
1989   1.3   1.3   1.3   1.3   1.2   0.9   0.4   0.4   0.3   0.4   0.0  -0.3
1990  -0.8  -0.8  -0.7   0.3   0.6   0.7   0.2  -0.1  -0.2  -0.3  -0.1  -0.0
1991   0.2   0.1  -0.3  -0.8  -0.6  -0.4  -0.2  -0.6  -1.0  -1.1  -1.2  -1.8
1992  -1.9  -1.9  -1.3  -0.9  -0.4  -0.3  -0.3  -0.0  -0.3  -0.7  -0.9  -0.7
1993  -0.7  -0.7  -0.8  -0.7  -0.8  -0.6  -0.8  -0.8  -0.9  -0.6  -0.3   0.0
1994   0.1  -0.2  -0.6  -0.9  -0.8  -0.8  -1.0  -1.4  -1.3  -1.1  -1.0  -0.7
1995  -0.6   0.1   0.0  -0.1  -0.3   0.0   0.3   0.3   0.2   0.1  -0.2   0.2
1996   0.3   0.8   0.7   0.7   0.8   0.7   0.9   0.7   0.6   0.4   0.5   0.4
1997   1.0   0.6   0.2  -0.8  -1.1  -1.2  -1.2  -1.2  -1.4  -1.4  -1.2  -1.6
1998  -1.9  -2.4  -1.9  -1.2  -0.0   0.8   1.1   1.1   1.1   1.0   1.2   1.4
1999   1.4   1.4   1.2   1.0   0.6   0.3   0.4   0.3   0.4   0.6   1.1   1.0
2000   1.3   1.2   1.4   1.0   0.5   0.0   0.1   0.5   0.9   1.3   1.2   1.2
2001   1.2   1.2   0.9   0.2   0.0  -0.1  -0.1  -0.1  -0.1   0.3  -0.0   0.1
2002   0.2   0.4   0.3  -0.4  -0.4  -0.5  -0.6  -0.7  -0.7  -0.5  -0.7  -0.6
2003  -0.7  -0.4  -0.4  -0.2  -0.3  -0.2  -0.1   0.1   0.0  -0.1   0.3  -0.2
2004   0.3   0.1   0.2   0.2  -0.2  -0.1  -0.5  -0.4  -0.2  -0.4  -0.5  -0.4
2005  -1.2  -0.8  -1.1  -0.4  -0.3  -0.1   0.1   0.1   0.4   0.5   0.3   0.5
2006   0.6   1.2   1.0   0.8   0.1  -0.4  -0.6  -0.7  -1.0  -0.6  -0.5  -0.3
2007  -0.4  -0.2   0.0   0.0   0.1   0.0   0.2   0.1   0.4   0.6   1.1   1.5
2008   2.0   1.9   1.6   0.7   0.4   0.3   0.6   0.8   1.2   1.3   1.3   1.3
2009   1.5   1.1   1.0   0.4   0.3   0.1   0.0   0.1  -0.4  -0.5  -0.8  -0.8
2010  -1.1  -1.1  -0.3   0.5   0.8   1.0   1.3   1.9   1.9   1.7   2.0   2.2
2011   2.6   2.5   2.4   1.6   0.8   0.5   0.5   0.8   0.7   1.0   1.5   1.6
2012   1.4   0.8   0.3   0.1  -0.2  -0.1  -0.2   0.0   0.1   0.3   0.0  -0.1
2013  -0.3   0.4   0.5   0.8   0.7   0.9   0.7   0.4   0.1   0.3   0.2   0.7
2014   0.5   0.2   0.0   0.1   0.5   0.2  -0.2  -0.5  -0.7  -0.7  -0.7  -0.8
2015  -0.4  -0.4  -0.2  -0.5  -0.4  -0.8  -1.0  -1.4  -1.6  -1.3  -0.9  -1.1
2016  -1.6  -1.4  -1.1  -0.3  -0.1   0.5   0.6   0.8   0.5   0.3  -0.0   0.1
2017   0.1   0.3   0.2   0.3  -0.1   0.2   0.3   0.6   0.7   0.8   0.6   0.6
2018   0.2   0.7   0.5   0.8   0.3   0.2  -0.1  -0.3  -0.3  -0.2   0.4   0.3
2019  -0.1  -0.6  -0.5  -0.2  -0.3  -0.4  -0.3  -0.6  -0.6  -0.8  -0.6  -0.4
2020  -0.2   0.0   0.0   0.2   0.1   0.1   0.4   0.8   0.8   0.7   1.0   1.5
2021   1.7   1.3   0.7   0.4   0.4   0.8   0.8   0.9   0.7   0.8   1.1   1.0
2022   1.0   1.1   1.5   1.6   1.6   1.3   1.2   1.1   1.4   1.2   1.4   1.3
2023   1.6   1.0   0.6  -0.2  -0.2-999.9-999.9-999.9-999.9-999.9-999.9-999.9
2024-999.9-999.9-999.9-999.9-999.9-999.9-999.9-999.9-999.9-999.9-999.9-999.9
2025-999.9-999.9-999.9-999.9-999.9-999.9-999.9-999.9-999.9-999.9-999.9-999.9
2026-999.9-999.9-999.9-999.9-999.9-999.9-999.9-999.9-999.9-999.9-999.9-999.9
2027-999.9-999.9-999.9-999.9-999.9-999.9-999.9-999.9-999.9-999.9-999.9-999.9
2028-999.9-999.9-999.9-999.9-999.9-999.9-999.9-999.9-999.9-999.9-999.9-999.9
2029-999.9-999.9-999.9-999.9-999.9-999.9-999.9-999.9-999.9-999.9-999.9-999.9
2030-999.9-999.9-999.9-999.9-999.9-999.9-999.9-999.9-999.9-999.9-999.9-999.9
